0 0.7609375 0.85859375 0.3203125 0.1203125
0 0.5109375 0.853125 0.19296875 0.078125
0 0.28671875 0.83671875 0.18515625 0.08125
0 0.0734375 0.846875 0.13203125 0.09375
0 0.29453125 0.72578125 0.1671875 0.07265625
0 0.5 0.709375 0.171875 0.08984375
0 0.73046875 0.7046875 0.21875 0.1015625
0 0.9015625 0.6859375 0.19609375 0.10859375
0 0.8796875 0.5140625 0.21640625 0.12421875
0 0.68359375 0.55859375 0.1578125 0.071875
0 0.5078125 0.58125 0.1328125 0.06796875
0 0.3078125 0.5875 0.140625 0.07265625
0 0.32109375 0.475 0.140625 0.05234375
0 0.490625 0.465625 0.153125 0.0640625
0 0.68515625 0.43515625 0.1140625 0.05234375
0 0.5078125 0.36484375 0.1734375 0.05703125
0 0.33515625 0.3765625 0.14453125 0.05